0.491087190187
0.0671436202233
0.259627170711
0.953506974458
0.958827286975
0.674713997997
0.385171446925
0.500119088325
0.758280121612
0.718290445746
0.365959771485
0.632400310336
0.122897234841
0.407778535955
0.576104579044
0.294155668429
0.533949787051
0.316031818148
0.0132413621945
0.268965948841
0.677067785014
0.501371638518
0.685311313162
0.0802842471125
0.281828579248
0.181052790196
0.561901392602
0.026776820481
0.375642825912
0.309371026112
0.134816809724
0.785368826815
0.834278220748
0.891600739988
0.724574167317
0.634590967134
0.0225623332032
0.311741672465
0.883894397885
0.112255811338
0.792547906186
0.110886671562
0.796893240437
0.220899502968
0.274462567476
0.638054428855
0.439600659301
0.226735895975
0.907028271258
0.584737842471
0.288848042524
0.0192641646863
0.516728319435
0.746690791173
0.159231677534
0.516209907797
0.924513928207
0.847181212515
0.0970238089069
0.962118273259
0.621832252017
0.724012769538
0.596517527919
0.205454851948
0.997870385289
0.309498738139
0.383531095605
0.168359034383
0.517311694689
0.445463465763
0.741311016407
0.0952851117815
0.625271319298
0.0307635648036
0.649789233852
0.458158410728
0.458360234984
0.379635729912
0.358698009312
0.414907529128
0.0241607174762
0.358959622748
0.021859495407
0.164302901991
0.505390947756
0.950021421841
0.953278791736
0.736037327628
0.695617116134
0.245003318522
0.879287467044
0.250404483946
0.854126028308
0.828950381892
0.731844004423
0.242392334639
0.711941975435
0.33555436346
0.00895524486625
0.172544532742
0.469007993869
0.431383903957
0.175318443231
0.00792627272495
0.126173485062
0.944304383806
0.522486853299
0.332500730312
0.39349690404
0.177093160425
0.205891722837
0.548441829354
0.32567576586
0.752811198291
0.0421131203226
0.789771848098
0.304319240425
0.953322030382
0.899008084849
0.566211364196
0.794754173058
0.614477407652
0.362448331613
0.106163366074
0.00991413336787
0.00157222276268
0.649426049123
0.667434977484
0.453290114924
0.590192342891
0.896527656282
0.479340353454
0.0969094990142
0.49807466269
0.436614539872
0.33392935817
0.761458778595
0.359249523754
0.873608849388
0.405510122746
0.242290046067
0.125396292123
0.809425367773
0.28103271131
0.98119222253
0.342820702385
0.933153692955
0.0731147356144
0.170085538208
0.641769201899
0.0513064267418
0.510016978535
0.919402307038
0.223592049034
0.95554316599
0.472057349606
0.00308136747312
0.0787650860546
0.980291350521
0.00752738316954
0.238548904378
0.523690630677
0.144836795517
0.235881708593
0.613991049447
0.855173276309
0.0612031340382
0.336897712907
0.737381849801
0.148357556977
0.120099898888
0.771470269049
0.949661099792
0.902921251898
0.794508027555
0.869821452608
0.513537026065
0.662503390655
0.158136426336
0.162143169641
0.839903776364
0.133978153107
0.0820740440051
0.0676520365103
0.671227837458
0.711738027876
0.49378399503
0.534961352948
0.943627616269
0.0792188379713
0.932328093624
0.660535389083
0.609695390947
0.729912856234
0.149190468433
0.531592622001
0.714982921256
0.0513511019791
0.210393283885
0.77708098143
0.473952100065
0.554799435455
0.641317996333
0.520128234758
0.525513481574
0.113181205197
0.524695703374
0.922598062591
0.659753025794
0.923213110828
0.465324554344
0.641158612466
0.719559893493
0.485188707197
0.234750980873
0.223886160633
0.684168991879
0.331025318309
0.475524921986
0.595092676338
0.148419250782
0.954293559384
0.532232815937
0.239668838457
0.683612958685
0.0813125067337
0.569062809424
0.368423450034
0.635122647033
0.0892605366753
0.972259887586
0.659450090472
0.143697699405
0.375436993254
0.0543024189933
0.132509375955
0.0275957959497
0.141335836773
0.679047225946
0.152835369155
0.10290365179
0.397741874369
0.0949019331567
0.13031991081
0.623281469125
0.195044193486
0.989706289787
0.744016791072
0.244226912854
0.316661085502
0.41481542903
0.713074433332
0.99588299663
0.569215591764
0.141660669494
0.152040022533
0.707056922266
0.503092297851
0.599413014808
0.64140091135
0.759468348598
0.921079766603
0.545203292767
0.133920182089
0.664862853168
0.26256105267
0.777618901465
0.0989675811187
0.483127591623
0.259278517157
0.32773882277
0.764326396081
0.0407934238243
0.963312308752
0.710784185057
0.957780402262
0.0622145511178
0.710010887834
0.83614567581
0.377786539232
0.652518408263
0.448939879151
0.619077831628
0.525118889201
0.539726724305
0.734916491003
0.353569089287
0.981804394395
0.0650248094332
0.0197580319406
0.472606452842
0.066305688582
0.358089380159
0.312657299391
0.134194347822
0.775052236515
0.591937102608
0.0100814599969
0.529766003123
0.167264646884
0.319437131967
0.780081683432
0.762379535183
0.355082056014
0.678143987829
0.288867986097
0.179949962413
0.506597527592
0.716969078478
0.0289428443541
0.0847884060182
0.62138093813
0.863261277137
0.810921202303
0.715586272433
0.466584697813
0.0911360033267
0.0367915963048
0.306957205684
0.174524231635
0.0705614242231
0.618063275295
0.743536838132
0.970458214851
0.794483077485
0.786880275875
0.116117659004
0.413740189281
0.282636440239
0.74679917966
0.27430808447
0.843698367412
0.240494027117
0.992245611493
0.303196989915
0.305916299436
0.164772252195
0.354784553722
0.188318811009
0.200729464734
0.616327677373
0.108307576886
0.815385498971
0.932292765897
0.772744451298
0.0695279859457
0.922061383342
0.662193806005
0.909853034325
0.773553611912
0.36373109262
0.0610942024319
0.442646619607
0.0765237446933
0.229018665808
0.398231355006
0.552788525158
0.837904238758
0.0710425355524
0.41540663977
0.0168445494777
0.768251051299
0.0702259791066
0.906749626087
0.675020325849
0.562293029211
0.00434464996874
0.867833719511
0.42740905473
0.888815229869
0.486212734391
0.205670505758
0.994178852765
0.345159051859
0.869883124301
0.8590574308
0.547112632781
0.162664144911
0.599697179846
0.949207445484
0.571655236503
0.178416328213
0.44254944858
0.827576852539
0.417445329639
0.357537675543
0.650458734118
0.719611064302
0.193347578568
0.0469348866241
0.71135955725
0.526027608315
0.56227077394
0.212130452365
0.30306014451
0.732103871119
0.870453242025
0.962198813321
0.776512158036
0.60061615845
0.63605841361
0.196917064705
0.703023408675
0.678575747382
0.342441248584
0.348499871296
0.140068342656
0.953010998394
0.506188947946
0.184650048284
0.65282843107
0.552576436979
0.272938283829
0.923361103379
0.449169830075
0.325341266394
0.642033432375
0.382533706395
0.326943659869
0.712637661955
0.285650883218
0.781547114994
0.20182463582
0.402330240163
0.567757245324
0.329869275181
0.683826622074
0.706962309474
0.122816326544
0.0120718656547
0.204143640646
0.980592639392
0.125103511165
0.455961755828
0.997019557312
0.0895896560809
0.706802594445
0.999269744251
0.410988108854
0.919734376768
0.067553011305
0.275271682512
0.460952602559
0.147619951021
0.456764042529
0.990132402999
0.968686691059
0.304085504546
0.0105155825959
0.198673830707
0.571856874008
0.87727350839
0.19528481236
0.57140701674
0.200209517625
0.175014470668
0.459169832722
0.89084697913
0.251553942987
0.245476386937
0.494758077349
0.874868042949
0.161264193037
0.498660846996
0.804051027037
0.691412281115
0.916875565956
0.479316984013
0.246494023448
0.728881047114
0.774069497597
0.482657959177
0.293133363519
0.784035682739
0.0304152374633
0.758271060616
0.594532002917
0.213497851531
0.926647339098
0.328784374092
0.957369368634
0.433147939077
0.691010068045
0.804690225905
0.333043068779
0.0728657252713
0.120472501784
0.220517716255
0.83698721738
0.683109608354
0.251780689559
0.315214430922
0.254755866195
0.875844976882
0.125622587856
0.718075449147
0.401711939086
0.674758258678
0.610691193163
0.537125378199
0.693221727228
0.89193583281
0.853441038587
0.992552607413
0.194960399659
0.86326992639
0.33329314479
0.40707071873
0.862040718409
0.522659822259
0.747620887834
0.315698555734
0.568631615245
0.332696457843
0.739912587285
0.415712519826
0.682451579681
0.853596802981
0.420921614445
0.659759586328
0.37141834605
0.367056379609
0.138269829593
0.575996175764
0.0444501838943
0.00493431491544
0.767591408235
0.347520262064
0.704461410288
0.196506109899
0.0923053614738
0.017928816924
0.3418584461
0.340218808005
0.0474936194643
0.169528618151
0.790438288232
0.175311529374
0.584312018121
0.106617689148
0.818624119298
0.916241047745
0.0916722764928
0.32884405874
0.864975968087
0.358534376314
0.372815454206
0.971615701218
0.762746098369
0.448145088337
0.130533394539
0.504016074125
0.547436917844
0.985141454809
0.723334396825
0.833879244441
0.327754190697
0.440605147533
0.824369345728
0.448571099734
0.384548078814
0.572339022913
0.498615231979
0.492143256901
0.99921811329
0.474972439466
0.710873759796
0.408979153771
0.585756171568
0.63753011753
0.0369076225843
0.473162338273
0.38079348143
0.610339333451
0.199599722043
0.106012519096
0.0381090426995
0.828736654902
0.921017041867
0.688112715227
0.0106617263465
0.682484115945
0.292756124942
0.458857053192
0.866866716373
0.230559976667
0.529212405695
0.752173884711
0.723228106113
0.678070894184
0.907442271443
0.22698335093
0.103249058515
0.212472769557
0.0797664907347
0.084513151374
0.951580469014
0.500875018098
0.665715585436
0.506977663233
0.0261941112829
0.723365285374
0.0442157596445
0.923066540551
0.769906118191
0.148766958073
0.7814637245
0.246064480536
0.330787924612
0.73051914974
0.666275230909
0.300420980135
0.811943230207
0.215698147717
0.412472853864
0.704665817182
0.741021063172
0.157759644326
0.434188401536
0.598762131787
0.999609500944
0.46806852418
0.561419613072
0.43037890453
0.250435398791
0.210092150774
0.215515566696
0.403864315532
0.477678819173
0.0771910463133
0.000521717552008
0.464958426288
0.148703209352
0.891876847951
0.856214556754
0.248255500299
0.0551515877144
0.984468650765
0.897610145778
0.910821053787
0.852175102476
0.177770634047
0.377017744281
0.790348489563
0.772120429564
0.615566273325
0.596948075399
0.984450321646
0.591190290896
0.590951269831
0.489874714705
0.618546623471
0.117365661871
0.536591210184
0.839745353465
0.333559605686
0.901014523419
0.583252691405
0.114602490191
0.426073730739
0.462341188298
0.279734944766
0.769070696392
0.346811419888
0.264720998929
0.58212974977
0.0469432787655
0.201846516324
0.684065897553
0.39496397882
0.699176793194
0.903106706725
0.0845783521642
0.307847290534
0.453786657482
0.9126402577
0.160119438125
0.249157614307
0.996100457539
0.226051899094
0.575780328708
0.790511177877
0.50315095651
0.836518025977
0.656129853309
0.118550029778
0.873177122134
0.371546460179
0.241476224827
0.652419279918
0.300575336343
0.378605381366
0.846734685169
0.67291461908
0.199850481347
0.138959109713
0.300252902367
0.0527986306315
0.882822945904
0.128487259568
0.465767199713
0.195011030534
0.347476514106
0.136417864383
0.044258059738
0.812495583254
0.327995745262
0.323586303259
0.98235429556
0.0967013444151
0.905961803056
0.453376766799
0.268893674555
0.172427436311
0.141142759545
0.829765757928
0.921078755134
0.876159690135
0.29183923108
0.906519108226
0.413806872218
0.556946893493
0.209534365452
0.205214187228
0.545027371151
0.130684434944
0.841675913163
0.100543233582
0.927712526086
0.0555013716771
0.147643506617
0.15562397757
0.386987513285
0.740117170888
0.698949804256
0.360357114357
0.35976334938
0.930754917255
0.650175635694
0.971312710617
0.310283519269
0.0850038453281
0.960298064545
0.978908400495
0.00194482387473
0.589148542386
0.694799963381
0.815164480152
0.4460214851
0.732652846555
0.365692731406
0.840370741942
0.681132101903
0.0538611103838
0.067718652267
0.925359015105
0.695124321099
0.489962307466
0.737324135279
0.470146009834
0.945297509189
0.278108700495
0.794214719286
0.446573537819
0.522021213083
0.82501720559
0.690236215135
0.227816850701
0.197112234617
0.638915271531
0.865642768533
0.139794950699
0.718363091694
0.720110855904
0.802163776965
0.619864162064
0.870447119924
0.391383543121
0.956356211803
0.325665896406
0.568895179371
0.162370020964
0.148310970385
0.104152786439
